%CostFunction.m - Here the objective functon is defined
function [z, Sol]=CostFunction(x)
f1=62.19 + 0.4573.*x(1) + 0.0259 .*x(2) - 0.02421 .*x(3) + 0.03638 .*x(4) -0.010867 .*x(1).^2 ...
 - 0.000029 .*x(2).^2 + 0.000005 .*x(3).^2 - 0.000009 .*x(4).^2 - 0.0003 .*x(1).*x(2) + 0.00022 .*x(1).*x(3) ...
 - 0.00042 .*x(1).*x(4) - 0.000005 .*x(2).*x(3) - 0.000005 .*x(2).*x(4) - 0.000003.*x(3).*x(4);
 
 f2= 13.1 + 3.722.*x(1) + 0.2003 .*x(2) - 0.0122 .*x(3) + 0.0451 .*x(4) - 0.03047 .*x(1).^2 ...
 + 0.000296 .*x(2).^2 + 0.00004 .*x(3).^2 + 0.000052 .*x(4).^2 + 0.0049 .*x(1).*x(2) - 0.002940 .*x(1).*x(3) ...
 + 0.00286 .*x(1).*x(4) - 0.000285 .*x(2).*x(3) + 0.000285 .*x(2).*x(4) - 0.000099.*x(3).*x(4);
 f3 = -29.0 - 0.36.*x(1) + 0.287 .*x(2) + 0.0659 .*x(3) + 0.0133 .*x(4) - 0.01807 .*x(1).^2 ...
 - 0.000029 .*x(2).^2 - 0.000011 .*x(3).^2 - 0.000009 .*x(4).^2 - 0.0125 .*x(1).*x(2) + 0.0003 .*x(1).*x(3) ...
 + 0.00086 .*x(1).*x(4) - 0.000205 .*x(2).*x(3) + 0.000195 .*x(2).*x(4) - 0.000009 .*x(3).*x(4);
z=[f1
 f2
 f3];
 Sol.f1=f1;
 Sol.f2=f2;
 Sol.f3=f3;
 Sol.x=x;
end