function o = F1(x)
o= -29.0 - 0.36.*x(1) + 0.287 .*x(2) + 0.0659 .*x(3) + 0.0133 .*x(4) - 0.01807 .*x(1).^2 ...
- 0.000029 .*x(2).^2 - 0.000011 .*x(3).^2 - 0.000009 .*x(4).^2 - 0.0125 .*x(1).*x(2) + 0.0003 .*x(1).*x(3) ...
+ 0.00086 .*x(1).*x(4) - 0.000205 .*x(2).*x(3) + 0.000195 .*x(2).*x(4) - 0.000009 .*x(3).*x(4);
end
