% F1
function o = F1(x)
o= 13.1 + 3.722.*x(1) + 0.2003 .*x(2) - 0.0122 .*x(3) + 0.0451 .*x(4) - 0.03047 .*x(1).^2 ...
 + 0.000296 .*x(2).^2 + 0.00004 .*x(3).^2 + 0.000052 .*x(4).^2 + 0.0049 .*x(1).*x(2) - 0.002940 .*x(1).*x(3) ...
 + 0.00286 .*x(1).*x(4) - 0.000285 .*x(2).*x(3) + 0.000285 .*x(2).*x(4) - 0.000099 .*x(3).*x(4);
end