% F1
function o = F1(x)
% COP
%o =  -1.1469 + 0.0014.*x(1)- 0.0085.*x(2) + 0.0124.*x(3)+ 0.0050.*x(4)+ 0.0099.*x(5) + 0.0793.*x(6) + 0.0092.*x(7)+ (5.0687e-6).*x(8) + (5.2952e-6).*x(9)+ (4.6260e-7).*x(10);

% Qcc
o = -64.6199 + 0.3107.*x(1)- 0.8625.*x(2)+ 0.7601.*x(3) + 0.6108.*x(4)+ 0.9944.*x(5) + 4.4533.*x(6) + 0.5967.*x(7)+ 0.0006.*x(8) + 0.0003.*x(9) + (2.6623e-5).*x(10);

%eta_e
%o = -0.2347 - 0.0003.*x(1) - 0.0019.*x(2) + 0.0026.*x(3)+ 0.0277.*x(4) + 0.0034.*x(5) + 0.0150.*x(6) + 0.0019.*x(7)+ (2.0286e-6).*x(8) + (1.0279e-6).*x(9)+ (6.8084e-8).*x(10);

% eta_ADC
%o = -3.0552 - 0.0029.*x(1) - 0.0100.*x(2) + 0.0040.*x(3)+ 0.0017.*x(4) + 0.0037.*x(5) + 0.0294.*x(6) + 0.0033.*x(7)+ (1.8566e-6).*x(8) + (1.9477e-6).*x(9)+ (1.6083e-7).*x(10);
end